0 5 7
0 12 3
0 28 6
1 4 8
1 18 4
1 20 7
2 0 2
2 11 9
2 16 3
3 1 6
3 7 3
3 19 5
4 2 4
4 14 3
4 21 6
5 6 2
5 23 5
5 29 4
6 2 1
6 15 8
6 17 3
7 8 4
7 12 5
7 25 2
8 3 3
8 10 9
8 27 6
9 0 7
9 13 4
9 22 8
10 1 5
10 19 2
10 28 7
11 6 6
11 9 4
11 24 1
12 8 3
12 17 6
12 26 5
13 4 6
13 10 3
13 15 7
14 7 4
14 23 8
14 29 2
15 9 5
15 18 4
15 21 7
16 5 2
16 20 6
16 26 4
17 11 3
17 22 5
17 25 1
18 13 4
18 24 2
18 27 3
19 16 3
19 6 2
19 28 6
20 3 4
20 12 5
20 29 3
21 7 2
21 14 6
21 23 4
22 15 5
22 17 2
22 27 3
23 10 2
23 19 4
23 26 6
24 1 3
24 13 5
24 20 4
25 2 2
25 18 3
25 21 6
26 0 4
26 9 3
26 22 7
27 8 6
27 11 2
27 16 3
28 5 5
28 14 4
28 24 6
29 17 2
29 23 3
29 25 7
29 25 7
