30
0 5 7
0 12 0
0 28 0
1 4 4
1 18 4
1 20 6
2 0 2
2 11 0
2 16 2
3 1 0
3 7 0
3 19 2
4 2 4
4 14 0
4 21 0
5 6 0
5 23 0
5 29 0
6 2 0
6 15 0
6 17 0
7 8 0
7 12 0
7 25 0
8 3 0
8 10 0
8 27 0
9 0 1
9 13 0
9 22 0
10 1 0
10 19 0
10 28 3
11 6 0
11 9 0
11 24 0
12 8 0
12 17 0
12 26 4
13 4 0
13 10 3
13 15 1
14 7 0
14 23 0
14 29 0
15 9 1
15 18 0
15 21 0
16 5 2
16 20 0
16 26 0
17 11 0
17 22 0
17 25 0
18 13 4
18 24 0
18 27 0
19 6 0
19 16 0
19 28 2
20 3 2
20 12 4
20 29 0
21 7 0
21 14 0
21 23 0
22 15 0
22 17 0
22 27 0
23 10 0
23 19 0
23 26 0
24 1 0
24 13 0
24 20 0
25 2 0
25 18 0
25 21 0
26 0 4
26 9 0
26 22 0
27 8 0
27 11 0
27 16 0
28 5 5
28 14 0
28 24 0
29 17 0
29 23 0
29 25 0